0
743
575
403
373
314
273
473
186
206
212
255
236
197
308
157
145
148
131
110
133
262
117
132
129
113
120
100
182
95
94
90
99
101
80
194
95
80
74
72
68
165
107
87
88
87
72
75
146
67
66
60
73
65
79
143
71
65
69
47
48
51
120
55
61
42
40
53
55
88
46
40
42
45
51
78
38
37
31
37
42
48
112
69
70
71
74
66
60
107
55
60
48
56
72
56
105
41
38
39
47
42
35
82
44
41
43
35
40
80
31
28
26
25
33
27
55
30
20
23
32
26
33
56
25
26
33
32
26
28
50
38
35
35
34
19
38
49
23
31
34
38
36
23
52
28
24
26
26
12
23
19
11
14
22
25
14
39
11
24
18
27
18
19
39
15
11
15
19
22
23
48
21
23
25
14
22
12
42
23
28
19
24
22
48
25
27
30
21
30
24
58
23
30
21
21
14
27
38
20
21
24
19
11
20
35
14
11
14
17
11
14
22
10
8
15
19
9
36
9
19
20
21
26
26
48
19
20
16
22
16
24
46
22
16
26
18
18
12
35
21
18
14
19
14
13
34
17
13
19
17
12
14
25
8
12
17
18
13
35
10
14
12
18
7
9
16
18
11
5
7
12
8
14
5
10
13
8
14
10
20
6
12
9
10
6
10
17
6
15
17
10
16
21
9
6
8
4
8
5
12
8
5
10
12
14
6
17
2
6
4
9
6
3
13
7
6
1
12
12
5
14
6
2
9
5
5
13
4
8
2
2
4
10
9
5
10
3
6
8
4
10
7
4
4
5
1
7
6
6
4
1
4
3
4
253
